18623830663
18279927165
15637200262
15937202541
15690610083
15570913268
13027466236
18279927165
15517210382
15690617280
18613725739
15690616973
18738294171
13213258508
13552386493
18620222572
18530637957
13027463038
15637237502
15517210382
15515153021
13253009918
18613720153
13213258508
15518806237
15670750216
15518806237
18530637957
15937202541
15690618507
15517261957
13027466236
18623830663
15690613226
15515153021
18613729671
15690617280
18530575970
15690616973
15137249923
15690610083
15690618507
13027463038
15670750216
13213258508
15570913268
13027463038
15637270712
15937202541
15690610083
18530583270
18530575970
18613720153
15637237502
13213258508
15515153021
15515031971
